X 87 6 17 7 226 231 C 1084 21 88 3 124 87 timestamp 1564406429968644
X 87 6 17 7 228 22 C 1085 21 88 3 123 87 timestamp 1564406432997004
X 87 6 17 7 229 69 C 1086 21 88 3 123 87 timestamp 1564406436033172
X 87 6 17 7 230 116 C 1087 21 88 3 127 87 timestamp 1564406440078966
X 87 6 17 7 231 163 C 1088 21 88 3 126 87 timestamp 1564406442098436
X 87 6 17 7 232 210 C 1089 21 88 3 125 87 timestamp 1564406446143399
X 87 6 17 7 234 1 C 1090 21 88 3 124 87 timestamp 1564406448170736
X 87 6 17 7 235 48 C 1091 21 88 3 123 87 timestamp 1564406451202578
X 87 6 17 7 236 95 C 1092 21 88 3 123 87 timestamp 1564406455248273
X 87 6 17 7 237 142 C 1093 21 88 3 122 87 timestamp 1564406457269735
X 87 6 17 7 238 189 C 1094 21 88 3 122 87 timestamp 1564406460298041
X 87 6 17 7 239 236 C 1095 21 88 3 121 87 timestamp 1564406463330000
X 87 6 17 7 241 27 C 1096 21 88 3 121 87 timestamp 1564406466360363
X 87 6 17 7 242 74 C 1097 21 88 3 120 87 timestamp 1564406469395179
X 87 6 17 7 243 121 C 1098 21 88 3 120 87 timestamp 1564406472435883
X 87 6 17 7 244 168 C 1099 21 88 3 120 87 timestamp 1564406475462007
X 87 6 17 7 245 215 C 1100 21 88 10 146 87 timestamp 1564406478494524
X 87 6 17 7 247 6 C 1101 21 88 30 146 87 timestamp 1564406482537490
X 87 6 17 7 248 53 C 1102 21 88 30 145 87 timestamp 1564406484561879
X 87 6 17 7 249 100 C 1103 21 88 30 145 87 timestamp 1564406487594442
X 87 6 17 7 250 147 C 1104 21 88 30 145 87 timestamp 1564406490626674
X 87 6 17 7 251 194 C 1105 21 88 30 144 87 timestamp 1564406495682717
X 87 6 17 7 252 241 C 1106 21 88 3 113 87 timestamp 1564406496690652
X 87 6 17 7 254 32 C 1107 21 88 3 113 87 timestamp 1564406499724282
X 87 6 17 7 255 79 C 1108 21 88 23 113 87 timestamp 1564406502760088
X 87 6 17 8 0 126 C 1109 21 88 23 112 87 timestamp 1564406505791258
X 87 6 17 8 1 173 C 1110 21 88 23 112 87 timestamp 1564406508823402
X 87 6 17 8 2 220 C 1111 21 88 23 112 87 timestamp 1564406511855933
X 87 6 17 8 4 11 C 1112 21 88 20 181 87 timestamp 1564406514889625
X 87 6 17 8 5 58 C 1113 21 88 20 181 87 timestamp 1564406517925677
X 87 6 17 8 6 105 C 1114 21 88 20 181 87 timestamp 1564406520958021
X 87 6 17 8 7 152 C 1115 21 88 20 180 87 timestamp 1564406523985445
X 87 6 17 8 8 199 C 1116 21 88 20 180 87 timestamp 1564406527022155
X 87 6 17 8 9 246 C 1117 21 88 20 180 87 timestamp 1564406530051550
X 87 6 17 8 11 37 C 1118 21 88 20 179 87 timestamp 1564406534099627
X 87 6 17 8 12 84 C 1119 21 88 20 179 87 timestamp 1564406536120876
X 87 6 17 8 13 131 C 1120 21 88 3 99 87 timestamp 1564406539152832
X 87 6 17 8 14 178 C 1121 21 88 3 99 87 timestamp 1564406542184691
X 87 6 17 8 15 225 C 1122 21 88 3 99 87 timestamp 1564406545220819
X 87 6 17 8 17 16 C 1123 21 88 3 99 87 timestamp 1564406548254503
X 87 6 17 8 18 63 C 1124 21 88 3 98 87 timestamp 1564406551285231
X 87 6 17 8 19 110 C 1125 21 88 3 98 87 timestamp 1564406554319888
X 87 6 17 8 20 157 C 1126 21 88 3 98 87 timestamp 1564406557350140
X 87 6 17 8 21 204 C 1127 21 88 3 98 87 timestamp 1564406560382206
X 87 6 17 8 22 251 C 1128 21 88 10 136 87 timestamp 1564406563411694
X 87 6 17 8 24 42 C 1129 21 88 10 136 87 timestamp 1564406567472659
X 87 6 17 8 25 89 C 1130 21 88 23 94 87 timestamp 1564406569483648
X 87 6 17 8 26 136 C 1131 15 81 2 43 87 timestamp 1564406571135718
X 87 6 17 8 27 183 C 1132 15 81 2 43 87 timestamp 1564406574164131
X 87 6 17 8 28 230 C 1133 15 81 2 42 87 timestamp 1564406577197193
X 87 6 17 8 30 21 C 1134 15 81 2 42 87 timestamp 1564406580231527
X 87 6 17 8 31 68 C 1135 15 81 2 42 87 timestamp 1564406583261921
X 87 6 17 8 32 115 C 1136 15 81 2 41 87 timestamp 1564406586298979
X 87 6 17 8 33 162 C 1137 15 81 2 41 87 timestamp 1564406589332409
X 87 6 17 8 34 209 C 1138 15 81 2 41 87 timestamp 1564406592365320
X 87 6 17 8 36 0 C 1139 15 81 2 41 87 timestamp 1564406595399286
X 87 6 17 8 37 47 C 1140 15 81 2 40 87 timestamp 1564406598431443
X 87 6 17 8 38 94 C 1141 15 81 2 40 87 timestamp 1564406601465154
X 87 6 17 8 39 141 C 1142 15 81 2 40 87 timestamp 1564406606515785
X 87 6 17 8 40 188 C 1143 15 81 2 44 87 timestamp 1564406607529438
X 87 6 17 8 41 235 C 1144 15 81 2 43 87 timestamp 1564406610564683
X 87 6 17 8 43 26 C 1145 15 81 2 43 87 timestamp 1564406613596863
X 87 6 17 8 44 73 C 1146 15 81 2 43 87 timestamp 1564406616632330
X 87 6 17 8 45 120 C 1147 15 81 2 43 87 timestamp 1564406619660870
X 87 6 17 8 46 167 C 1148 15 81 2 42 87 timestamp 1564406622697994
X 87 6 17 8 47 214 C 1149 15 81 2 42 87 timestamp 1564406625729252
X 87 6 17 8 49 5 C 1150 15 81 2 42 87 timestamp 1564406629768778
X 87 6 17 8 50 52 C 1151 15 81 2 41 87 timestamp 1564406631790202
X 87 6 17 8 51 99 C 1152 15 81 2 41 87 timestamp 1564406634827490
X 87 6 17 8 52 146 C 1153 15 81 2 41 87 timestamp 1564406637860091
X 87 6 17 8 53 193 C 1154 15 81 2 41 87 timestamp 1564406640893162
X 87 6 17 8 54 240 C 1155 15 81 2 40 87 timestamp 1564406643927570
X 87 6 17 8 56 31 C 1156 15 81 2 40 87 timestamp 1564406646959589
X 87 6 17 8 57 78 C 1157 15 81 2 40 87 timestamp 1564406649989996
X 87 6 17 8 58 125 C 1158 15 81 2 40 87 timestamp 1564406653022785
X 87 6 17 8 59 172 C 1159 15 81 2 40 87 timestamp 1564406656056905
X 87 6 17 8 60 219 C 1160 15 81 2 39 87 timestamp 1564406659088579
X 87 6 17 8 60 219 C 1160 15 81 2 39 87 timestamp 1564406660098943
X 87 6 17 8 62 10 C 1161 15 81 2 43 87 timestamp 1564406663135430
X 87 6 17 8 63 57 C 1162 15 81 2 43 87 timestamp 1564406665161289
X 87 6 17 8 64 104 C 1163 15 81 2 42 87 timestamp 1564406668187113
X 87 6 17 8 65 151 C 1164 15 81 2 42 87 timestamp 1564406671226312
X 87 6 17 8 66 198 C 1165 15 81 2 42 87 timestamp 1564406676273223
X 87 6 17 8 67 245 C 1166 15 81 2 45 87 timestamp 1564406677226465
X 87 6 17 8 69 36 C 1167 15 81 2 45 87 timestamp 1564406680258481
X 87 6 17 8 70 83 C 1168 15 81 2 45 87 timestamp 1564406683290156
X 87 6 17 8 71 130 C 1169 15 81 2 45 87 timestamp 1564406686322748
X 87 6 17 8 72 177 C 1170 15 81 2 44 87 timestamp 1564406689355766
X 87 6 17 8 73 224 C 1171 15 81 2 44 87 timestamp 1564406692391085
X 87 6 17 8 75 15 C 1172 15 81 2 44 87 timestamp 1564406695420972
X 87 6 17 8 76 62 C 1173 15 81 2 44 87 timestamp 1564406699468556
X 87 6 17 8 77 109 C 1174 15 81 2 47 87 timestamp 1564406701488019
X 87 6 17 8 78 156 C 1175 15 81 2 47 87 timestamp 1564406704523136
X 87 6 17 8 79 203 C 1176 15 81 2 47 87 timestamp 1564406707552397
X 87 6 17 8 80 250 C 1177 15 81 2 46 87 timestamp 1564406710590999
X 87 6 17 8 82 41 C 1178 15 81 2 46 87 timestamp 1564406713621893
X 87 6 17 8 83 88 C 1179 15 81 2 46 87 timestamp 1564406717662871
X 87 6 17 8 84 135 C 1180 15 81 2 45 87 timestamp 1564406719685005
X 87 6 17 8 85 182 C 1181 15 81 2 45 87 timestamp 1564406722718741
X 87 6 17 8 86 229 C 1182 15 81 2 45 87 timestamp 1564406725752597
X 87 6 17 8 88 20 C 1183 15 81 2 45 87 timestamp 1564406728785320
X 87 6 17 8 89 67 C 1184 15 81 2 44 87 timestamp 1564406731819666
X 87 6 17 8 90 114 C 1185 15 81 2 44 87 timestamp 1564406734856134
X 87 6 17 8 91 161 C 1186 15 81 2 44 87 timestamp 1564406737885279
X 87 6 17 8 92 208 C 1187 15 81 2 44 87 timestamp 1564406740916749
X 87 6 17 8 93 255 C 1188 15 81 2 43 87 timestamp 1564406743948788
X 87 6 17 8 95 46 C 1189 15 81 2 43 87 timestamp 1564406746984061
X 87 6 17 8 95 46 C 1189 15 81 2 43 87 timestamp 1564406747993895
X 87 6 17 8 96 93 C 1190 15 81 2 46 87 timestamp 1564406750017109
X 87 6 17 8 97 140 C 1191 15 81 2 46 87 timestamp 1564406754060331
X 87 6 17 8 98 187 C 1192 15 81 2 49 87 timestamp 1564406756084018
X 87 6 17 8 99 234 C 1193 15 81 2 49 87 timestamp 1564406759114405
X 87 6 17 8 101 25 C 1194 15 81 2 49 87 timestamp 1564406762148679
X 87 6 17 8 102 72 C 1195 15 81 2 49 87 timestamp 1564406765182659
X 87 6 17 8 103 119 C 1196 15 81 2 48 87 timestamp 1564406768221029
X 87 6 17 8 104 166 C 1197 15 81 2 48 87 timestamp 1564406771251057
X 87 6 17 8 105 213 C 1198 15 81 2 48 87 timestamp 1564406774281211
X 87 6 17 8 107 4 C 1199 15 81 2 48 87 timestamp 1564406778324433
X 87 6 17 8 108 51 C 1200 15 81 2 44 87 timestamp 1564406780344388
