X 87 21 88 13 42 44 C 2720 15 81 11 0 87 timestamp 1564181515685821
X 87 21 88 13 43 91 C 2721 15 81 11 0 87 timestamp 1564181519731577
X 87 21 88 13 44 138 C 2722 15 81 11 0 87 timestamp 1564181521747153
X 87 21 88 13 45 185 C 2723 15 81 11 0 87 timestamp 1564181524778406
X 87 21 88 13 46 232 C 2724 15 81 11 0 87 timestamp 1564181527811832
X 87 21 88 13 48 23 C 2725 15 81 2 0 87 timestamp 1564181530853820
X 87 21 88 13 49 70 C 2726 15 81 2 0 87 timestamp 1564181533882587
X 87 21 88 13 50 117 C 2727 15 81 2 0 87 timestamp 1564181536911039
X 87 21 88 13 51 164 C 2728 15 81 2 0 87 timestamp 1564181539946280
X 87 21 88 13 52 211 C 2729 15 81 2 0 87 timestamp 1564181542977317
X 87 21 88 13 54 2 C 2730 15 81 2 0 87 timestamp 1564181547025363
X 87 21 88 13 55 49 C 2731 15 81 2 0 87 timestamp 1564181549041838
X 87 21 88 13 56 96 C 2732 15 81 2 0 87 timestamp 1564181552077203
X 87 21 88 13 57 143 C 2733 15 81 2 0 87 timestamp 1564181555109577
X 87 21 88 13 58 190 C 2734 15 81 2 0 87 timestamp 1564181558149506
X 87 21 88 13 59 237 C 2735 15 81 2 0 87 timestamp 1564181561185811
X 87 21 88 13 61 28 C 2736 15 81 2 0 87 timestamp 1564181564207572
X 87 21 88 13 62 75 C 2737 15 81 2 0 87 timestamp 1564181567241063
X 87 21 88 13 63 122 C 2738 15 81 2 0 87 timestamp 1564181570277492
X 87 21 88 13 64 169 C 2739 15 81 2 0 87 timestamp 1564181573309205
X 87 21 88 13 65 216 C 2740 15 81 2 0 87 timestamp 1564181576338474
X 87 21 88 13 67 7 C 2741 15 81 2 0 87 timestamp 1564181579376413
X 87 21 88 13 68 54 C 2742 15 81 2 0 87 timestamp 1564181582407068
X 87 21 88 13 69 101 C 2743 15 81 2 0 87 timestamp 1564181585439801
X 87 21 88 13 70 148 C 2744 15 81 2 0 87 timestamp 1564181588475981
X 87 21 88 13 71 195 C 2745 15 81 2 0 87 timestamp 1564181591506492
X 87 21 88 13 72 242 C 2746 15 81 2 0 87 timestamp 1564181594538415
X 87 21 88 13 74 33 C 2747 15 81 2 0 87 timestamp 1564181597581734
X 87 21 88 13 75 80 C 2748 15 81 2 0 87 timestamp 1564181600603053
X 87 21 88 13 76 127 C 2749 15 81 2 0 87 timestamp 1564181604649993
X 87 21 88 13 77 174 C 2750 15 81 2 0 87 timestamp 1564181606672379
X 87 21 88 13 78 221 C 2751 15 81 2 0 87 timestamp 1564181610721561
X 87 21 88 13 80 12 C 2752 15 81 2 15 87 timestamp 1564181613748917
X 87 21 88 13 81 59 C 2753 15 81 2 29 87 timestamp 1564181616785534
X 87 21 88 13 82 106 C 2754 15 81 2 28 87 timestamp 1564181618803883
X 87 21 88 13 83 153 C 2755 15 81 2 27 87 timestamp 1564181621836243
X 87 21 88 13 84 200 C 2756 15 81 2 27 87 timestamp 1564181624865586
X 87 21 88 13 85 247 C 2757 15 81 2 26 87 timestamp 1564181628911535
X 87 21 88 13 87 38 C 2758 15 81 2 39 87 timestamp 1564181630933428
X 87 21 88 13 88 85 C 2759 15 81 2 39 87 timestamp 1564181633964678
X 87 21 88 13 89 132 C 2760 15 81 2 38 87 timestamp 1564181636999036
X 87 21 88 13 90 179 C 2761 15 81 2 37 87 timestamp 1564181640031436
X 87 21 88 13 91 226 C 2762 15 81 2 37 87 timestamp 1564181643066243
X 87 21 88 13 93 17 C 2763 15 81 2 36 87 timestamp 1564181647115461
X 87 21 88 13 94 64 C 2764 15 81 2 35 87 timestamp 1564181649129444
X 87 21 88 13 95 111 C 2765 15 81 2 34 87 timestamp 1564181652162801
X 87 21 88 13 96 158 C 2766 15 81 2 34 87 timestamp 1564181655200869
X 87 21 88 13 97 205 C 2767 15 81 2 33 87 timestamp 1564181658229891
X 87 21 88 13 98 252 C 2768 15 81 2 33 87 timestamp 1564181661260655
X 87 21 88 13 100 43 C 2769 15 81 2 32 87 timestamp 1564181664293666
X 87 21 88 13 101 90 C 2770 15 81 2 32 87 timestamp 1564181667331055
X 87 21 88 13 102 137 C 2771 15 81 2 31 87 timestamp 1564181671372897
X 87 21 88 13 103 184 C 2772 15 81 2 30 87 timestamp 1564181673397414
X 87 21 88 13 103 184 C 2772 15 81 2 30 87 timestamp 1564181674404216
X 87 21 88 13 104 231 C 2773 15 81 2 40 87 timestamp 1564181676428826
X 87 21 88 13 106 22 C 2774 15 81 2 39 87 timestamp 1564181679460966
X 87 21 88 13 107 69 C 2775 15 81 2 39 87 timestamp 1564181682496465
X 87 21 88 13 108 116 C 2776 15 81 2 38 87 timestamp 1564181685527832
X 87 21 88 13 109 163 C 2777 15 81 2 38 87 timestamp 1564181690584585
X 87 21 88 13 110 210 C 2778 15 81 2 46 87 timestamp 1564181691592067
X 87 21 88 13 112 1 C 2779 15 81 2 46 87 timestamp 1564181695637790
X 87 21 88 13 113 48 C 2780 15 81 2 45 87 timestamp 1564181697663725
X 87 21 88 13 114 95 C 2781 15 81 2 44 87 timestamp 1564181700691737
X 87 21 88 13 115 142 C 2782 15 81 2 44 87 timestamp 1564181703725397
X 87 21 88 13 116 189 C 2783 15 81 2 43 87 timestamp 1564181706756931
X 87 21 88 13 117 236 C 2784 15 81 2 42 87 timestamp 1564181709793012
X 87 21 88 13 119 27 C 2785 15 81 2 42 87 timestamp 1564181713836783
X 87 21 88 13 120 74 C 2786 15 81 2 41 87 timestamp 1564181715859397
X 87 21 88 13 121 121 C 2787 15 81 2 40 87 timestamp 1564181718890051
X 87 21 88 13 121 121 C 2787 15 81 2 40 87 timestamp 1564181719900460
X 87 21 88 13 122 168 C 2788 15 81 2 48 87 timestamp 1564181721924060
X 87 21 88 13 123 215 C 2789 15 81 2 47 87 timestamp 1564181724956569
X 87 21 88 13 125 6 C 2790 15 81 2 47 87 timestamp 1564181727985836
X 87 21 88 13 125 6 C 2790 15 81 2 47 87 timestamp 1564181728998372
X 87 21 88 13 126 53 C 2791 15 81 2 54 87 timestamp 1564181731022237
X 87 21 88 13 127 100 C 2792 15 81 2 53 87 timestamp 1564181734056335
X 87 21 88 13 128 147 C 2793 15 81 2 53 87 timestamp 1564181737087111
X 87 21 88 13 129 194 C 2794 15 81 2 52 87 timestamp 1564181740119042
X 87 21 88 13 130 241 C 2795 15 81 2 52 87 timestamp 1564181743151208
X 87 21 88 13 132 32 C 2796 15 81 2 51 87 timestamp 1564181746182429
X 87 21 88 13 133 79 C 2797 15 81 2 51 87 timestamp 1564181750232068
X 87 21 88 13 134 126 C 2798 15 81 2 50 87 timestamp 1564181752248057
X 87 21 88 13 135 173 C 2799 15 81 2 49 87 timestamp 1564181755283203
X 87 21 88 13 136 220 C 2800 15 81 2 49 87 timestamp 1564181758314260
X 87 21 88 13 138 11 C 2801 15 81 2 48 87 timestamp 1564181761350796
X 87 21 88 13 139 58 C 2802 15 81 2 48 87 timestamp 1564181764382054
X 87 21 88 13 140 105 C 2803 15 81 2 47 87 timestamp 1564181767420560
X 87 21 88 13 140 105 C 2803 15 81 2 47 87 timestamp 1564181768434256
X 87 21 88 13 141 152 C 2804 15 81 2 53 87 timestamp 1564181770447182
X 87 21 88 13 142 199 C 2805 15 81 2 53 87 timestamp 1564181773480380
X 87 21 88 13 143 246 C 2806 15 81 2 52 87 timestamp 1564181776517917
X 87 21 88 13 145 37 C 2807 15 81 2 52 87 timestamp 1564181779548833
X 87 21 88 13 146 84 C 2808 15 81 2 51 87 timestamp 1564181782581045
X 87 21 88 13 147 131 C 2809 15 81 2 51 87 timestamp 1564181786626926
X 87 21 88 13 148 178 C 2810 15 81 2 50 87 timestamp 1564181788647738
X 87 21 88 13 149 225 C 2811 15 81 2 49 87 timestamp 1564181791680031
X 87 21 88 13 151 16 C 2812 15 81 2 48 87 timestamp 1564181794717129
X 87 21 88 13 152 63 C 2813 15 81 2 48 87 timestamp 1564181797746325
X 87 21 88 13 153 110 C 2814 15 81 2 47 87 timestamp 1564181800781639
X 87 21 88 13 154 157 C 2815 15 81 2 47 87 timestamp 1564181804820499
X 87 21 88 13 155 204 C 2816 15 81 2 46 87 timestamp 1564181806842562
X 87 21 88 13 156 251 C 2817 15 81 2 45 87 timestamp 1564181809880267
X 87 21 88 13 158 42 C 2818 15 81 2 45 87 timestamp 1564181812908215
X 87 21 88 13 159 89 C 2819 15 81 2 45 87 timestamp 1564181815945839
X 87 21 88 13 160 136 C 2820 15 81 2 44 87 timestamp 1564181818975295
X 87 21 88 13 161 183 C 2821 15 81 2 44 87 timestamp 1564181823020745
X 87 21 88 13 162 230 C 2822 15 81 2 49 87 timestamp 1564181825045422
X 87 21 88 13 165 68 C 2824 6 17 3 43 87 timestamp 1564181831225671
X 87 21 88 13 166 115 C 2825 6 17 3 43 87 timestamp 1564181834262139
X 87 21 88 13 167 162 C 2826 6 17 3 43 87 timestamp 1564181837295260
X 87 21 88 13 168 209 C 2827 6 17 3 43 87 timestamp 1564181841343149
X 87 21 88 13 170 0 C 2828 6 17 3 43 87 timestamp 1564181843358005
X 87 21 88 13 171 47 C 2829 6 17 3 43 87 timestamp 1564181846391473
X 87 21 88 13 172 94 C 2830 6 17 3 43 87 timestamp 1564181850436715
X 87 21 88 13 173 141 C 2831 6 17 3 43 87 timestamp 1564181852458537
X 87 21 88 13 173 141 C 2831 6 17 3 43 87 timestamp 1564181853471228
X 87 21 88 13 174 188 C 2832 6 17 3 43 87 timestamp 1564181855491112
X 87 21 88 13 175 235 C 2833 6 17 3 43 87 timestamp 1564181859535817
X 87 21 88 13 177 26 C 2834 6 17 3 43 87 timestamp 1564181861557028
X 87 21 88 13 178 73 C 2835 6 17 3 43 87 timestamp 1564181864590143
X 87 21 88 13 179 120 C 2836 6 17 3 43 87 timestamp 1564181867628349
X 87 21 88 13 180 167 C 2837 6 17 3 43 87 timestamp 1564181870656785
X 87 21 88 13 181 214 C 2838 6 17 3 43 87 timestamp 1564181873689569
X 87 21 88 13 183 5 C 2839 6 17 3 43 87 timestamp 1564181876724023
X 87 21 88 13 184 52 C 2840 6 17 3 43 87 timestamp 1564181879757564
X 87 21 88 13 185 99 C 2841 6 17 3 43 87 timestamp 1564181882788626
X 87 21 88 13 186 146 C 2842 6 17 3 43 87 timestamp 1564181885820377
X 87 21 88 13 187 193 C 2843 6 17 3 45 87 timestamp 1564181889864380
X 87 21 88 13 188 240 C 2844 6 17 3 44 87 timestamp 1564181891886404
X 87 21 88 13 190 31 C 2845 6 17 3 44 87 timestamp 1564181894920065
X 87 21 88 13 191 78 C 2846 6 17 3 44 87 timestamp 1564181897951625
X 87 21 88 13 192 125 C 2847 6 17 3 44 87 timestamp 1564181900982588
X 87 21 88 13 193 172 C 2848 6 17 3 44 87 timestamp 1564181905030972
X 87 21 88 13 194 219 C 2849 6 17 3 47 87 timestamp 1564181907055308
X 87 21 88 13 196 10 C 2850 6 17 3 47 87 timestamp 1564181910086105
X 87 21 88 13 197 57 C 2851 6 17 3 47 87 timestamp 1564181913116399
X 87 21 88 13 198 104 C 2852 6 17 3 47 87 timestamp 1564181916148917
X 87 21 88 13 198 104 C 2852 6 17 3 47 87 timestamp 1564181917159258
X 87 21 88 13 199 151 C 2853 6 17 3 47 87 timestamp 1564181919185564
X 87 21 88 13 200 198 C 2854 6 17 3 47 87 timestamp 1564181922216181
X 87 21 88 13 201 245 C 2855 6 17 3 48 87 timestamp 1564181925253185
X 87 21 88 13 203 36 C 2856 6 17 3 48 87 timestamp 1564181928285426
X 87 21 88 13 204 83 C 2857 6 17 3 48 87 timestamp 1564181931312016
X 87 21 88 13 205 130 C 2858 6 17 3 44 87 timestamp 1564181934349734
X 87 21 88 13 206 177 C 2859 6 17 3 44 87 timestamp 1564181937381943
X 87 21 88 13 207 224 C 2860 6 17 3 44 87 timestamp 1564181940412413
X 87 21 88 13 209 15 C 2861 6 17 3 44 87 timestamp 1564181943446759
X 87 21 88 13 210 62 C 2862 6 17 3 44 87 timestamp 1564181946479876
X 87 21 88 13 211 109 C 2863 6 17 3 44 87 timestamp 1564181949510688
X 87 21 88 13 212 156 C 2864 6 17 3 40 87 timestamp 1564181952544102
X 87 21 88 13 213 203 C 2865 6 17 3 40 87 timestamp 1564181955577527
X 87 21 88 13 214 250 C 2866 6 17 3 40 87 timestamp 1564181958621715
X 87 21 88 13 216 41 C 2867 6 17 3 39 87 timestamp 1564181961644318
X 87 21 88 13 217 88 C 2868 6 17 3 39 87 timestamp 1564181964677980
X 87 21 88 13 218 135 C 2869 6 17 3 38 87 timestamp 1564181967725028
X 87 21 88 13 218 135 C 2869 6 17 3 38 87 timestamp 1564181968925441
X 87 21 88 13 219 182 C 2870 6 17 3 38 87 timestamp 1564181972111502
X 87 21 88 13 220 229 C 2871 6 17 3 38 87 timestamp 1564181974235295
X 87 21 88 13 222 20 C 2872 6 17 3 38 87 timestamp 1564181977422535
X 87 21 88 13 223 67 C 2873 6 17 3 38 87 timestamp 1564181980710300
X 87 21 88 13 224 114 C 2874 6 17 3 38 87 timestamp 1564181984369894
X 87 21 88 13 225 161 C 2875 6 17 3 41 87 timestamp 1564181987777515
X 87 21 88 13 226 208 C 2876 6 17 3 40 87 timestamp 1564181991397257
X 87 21 88 13 229 46 C 2877 6 17 3 39 87 drop 1564181994000866
X 87 21 88 13 229 46 C 2878 6 17 3 39 87 timestamp 1564181996019866
X 87 21 88 13 230 93 C 2879 6 17 3 39 87 timestamp 1564181998037801
X 87 21 88 13 231 140 C 2880 6 17 3 38 87 timestamp 1564182001074701
X 87 21 88 13 232 187 C 2881 6 17 3 38 87 timestamp 1564182004102699
X 87 21 88 13 233 234 C 2882 6 17 3 38 87 timestamp 1564182007138325
X 87 21 88 13 235 25 C 2883 6 17 3 38 87 timestamp 1564182012194980
X 87 21 88 13 236 72 C 2884 6 17 3 38 87 timestamp 1564182013201685
X 87 21 88 13 237 119 C 2885 6 17 3 38 87 timestamp 1564182016234448
X 87 21 88 13 238 166 C 2886 6 17 3 38 87 timestamp 1564182019275584
X 87 21 88 13 239 213 C 2887 6 17 3 36 87 timestamp 1564182022299356
X 87 21 88 13 241 4 C 2888 6 17 3 36 87 timestamp 1564182025337176
X 87 21 88 13 242 51 C 2889 6 17 3 36 87 timestamp 1564182028367045
X 87 21 88 13 243 98 C 2890 6 17 3 36 87 timestamp 1564182031399493
X 87 21 88 13 244 145 C 2891 6 17 3 36 87 timestamp 1564182034432257
X 87 21 88 13 245 192 C 2892 6 17 3 36 87 timestamp 1564182037468997
X 87 21 88 13 246 239 C 2893 6 17 3 36 87 timestamp 1564182040502624
X 87 21 88 13 248 30 C 2894 6 17 3 36 87 timestamp 1564182043530298
X 87 21 88 13 249 77 C 2895 6 17 3 36 87 timestamp 1564182046566270
X 87 21 88 13 250 124 C 2896 6 17 3 36 87 timestamp 1564182049604416
X 87 21 88 13 251 171 C 2897 6 17 3 36 87 timestamp 1564182052633362
X 87 21 88 13 252 218 C 2898 6 17 3 36 87 timestamp 1564182055663341
X 87 21 88 13 254 9 C 2899 6 17 3 36 87 timestamp 1564182058698613
X 87 21 88 13 255 56 C 2900 6 17 3 36 87 timestamp 1564182061731609
X 87 21 88 14 0 103 C 2901 6 17 3 36 87 timestamp 1564182064765483
X 87 21 88 14 1 150 C 2902 6 17 3 32 87 timestamp 1564182067798791
X 87 21 88 14 2 197 C 2903 6 17 3 32 87 timestamp 1564182070825998
X 87 21 88 14 3 244 C 2904 6 17 3 32 87 timestamp 1564182074872868
X 87 21 88 14 5 35 C 2905 6 17 3 32 87 timestamp 1564182076895515
X 87 21 88 14 6 82 C 2906 6 17 3 31 87 timestamp 1564182079927618
X 87 21 88 14 7 129 C 2907 6 17 3 31 87 timestamp 1564182082962113
X 87 21 88 14 8 176 C 2908 6 17 3 31 87 timestamp 1564182085995870
X 87 21 88 14 9 223 C 2909 6 17 3 31 87 timestamp 1564182089029197
X 87 21 88 14 11 14 C 2910 6 17 3 31 87 timestamp 1564182092060260
X 87 21 88 14 12 61 C 2911 6 17 3 31 87 timestamp 1564182095092147
X 87 21 88 14 13 108 C 2912 6 17 3 31 87 timestamp 1564182098124379
X 87 21 88 14 14 155 C 2913 6 17 3 31 87 timestamp 1564182101165500
X 87 21 88 14 15 202 C 2914 6 17 3 31 87 timestamp 1564182104192367
X 87 21 88 14 16 249 C 2915 6 17 3 31 87 timestamp 1564182107223311
X 87 21 88 14 18 40 C 2916 6 17 3 31 87 timestamp 1564182110259090
X 87 21 88 14 19 87 C 2917 6 17 3 31 87 timestamp 1564182113291396
X 87 21 88 14 20 134 C 2918 6 17 3 31 87 timestamp 1564182116323442
X 87 21 88 14 21 181 C 2919 6 17 3 31 87 timestamp 1564182119356590
X 87 21 88 14 22 228 C 2920 6 17 3 31 87 timestamp 1564182122390087
